DP02195,2020-03-12,Disprot Label,SPOT-Disorder2,PONDRFIT,IUPRED2-long,IUPRED2-short,PONDR-VLXT,PONDR-XL1,PONDR-CAN,PONDR-VL3,PONDR-VSL2,CSpritz-Long,ESpritz-Disprot,ESpritz-NMR,ESpritz-Xray
1,M,0,0.3504,0.789,0.09288099999999999,0.7147,0.3812874443,0.0,0.0,0.2731,0.6078399999999999,0.21687649935483927,0.20041199999999998,0.21334299999999998,0.11966800000000001
2,R,0,0.2016,0.747,0.127496,0.6789,0.2529172785,0.0,0.0,0.2702,0.564325,0.2201242484152317,0.197144,0.20084000000000002,0.12265799999999999
3,L,0,0.1432,0.6759999999999999,0.074921,0.5667,0.19512864100000002,0.0,0.0,0.2646,0.5811569999999999,0.22314774245023727,0.199512,0.176154,0.118532
4,L,0,0.1159,0.514,0.098513,0.5253,0.2793154334,0.0,0.0,0.2591,0.5212600000000001,0.22073150426149368,0.199825,0.13836800000000002,0.0893605
5,V,0,0.1081,0.424,0.14493499999999998,0.5043,0.2689360246,0.0,0.0,0.2544,0.44667700000000005,0.2343370020389557,0.191574,0.109473,0.07024470000000001
6,S,0,0.1044,0.42,0.116183,0.3992,0.26374881149999996,0.0,0.0,0.2502,0.36684,0.2490442469716072,0.188864,0.100837,0.060894500000000004
7,C,0,0.1009,0.519,0.081712,0.282,0.255152747,0.0,0.0,0.2474,0.312793,0.29761698842048645,0.183545,0.11633900000000001,0.0528876
8,V,0,0.0963,0.5770000000000001,0.06312000000000001,0.1566,0.2488185429,0.0,0.0,0.2451,0.26332300000000003,0.2745774984359741,0.181971,0.132945,0.045533699999999996
9,D,0,0.0943,0.619,0.08883200000000001,0.1266,0.2334821276,0.0,0.0,0.2434,0.253932,0.2889830023050308,0.181036,0.17201,0.0397617
10,S,0,0.0901,0.648,0.06312000000000001,0.0587,0.2177682812,0.0,0.0,0.2408,0.27305799999999997,0.28654399514198303,0.181483,0.20463199999999998,0.0350766
11,G,0,0.0813,0.563,0.079919,0.0455,0.19461981809999998,0.0,0.0,0.2374,0.283358,0.27995075285434723,0.180926,0.227442,0.031152600000000003
12,S,0,0.069,0.48700000000000004,0.096677,0.0502,0.17616143739999998,0.0,0.0,0.2329,0.274388,0.3028717488050461,0.181803,0.196689,0.0280347
13,I,0,0.0573,0.39399999999999996,0.10480999999999999,0.0554,0.1671350984,0.0,0.0,0.228,0.27223800000000004,0.3070040047168732,0.172291,0.164273,0.025310299999999997
14,K,0,0.048,0.287,0.16108699999999998,0.0858,0.17892800420000002,0.0,0.0,0.2228,0.262882,0.31665149331092834,0.17146199999999998,0.122651,0.023067700000000003
15,E,0,0.0409,0.223,0.225814,0.1266,0.1901102086,0.061514605,0.0364947859,0.2174,0.233213,0.3468780070543289,0.16998,0.0973757,0.021099200000000002
16,V,0,0.0363,0.191,0.225814,0.124,0.1845219982,0.0817229279,0.0364947859,0.2111,0.214187,0.3569052517414093,0.166223,0.0773376,0.0197016
17,L,0,0.0343,0.159,0.23283800000000002,0.124,0.17971080690000002,0.0947232552,0.0364947744,0.2045,0.20113399999999998,0.3537982553243637,0.166044,0.0679516,0.0185725
18,C,0,0.0352,0.142,0.301917,0.1921,0.18223686690000002,0.1076356366,0.0364947744,0.1973,0.177343,0.3254204988479614,0.16334200000000001,0.0737974,0.017931299999999997
19,N,0,0.0368,0.135,0.33916799999999997,0.2255,0.16722003970000002,0.1208479489,1.2873e-06,0.1903,0.187585,0.33959099650383,0.165096,0.0998596,0.0179643
20,I,0,0.0395,0.152,0.25031,0.1495,0.1579419699,0.1344327435,1.2873e-06,0.1822,0.20649099999999998,0.33195100724697113,0.162376,0.135218,0.0186938
21,G,0,0.044,0.138,0.26085,0.1495,0.1503203166,0.14825462820000002,1.2873e-06,0.1745,0.223582,0.3507605046033859,0.16356199999999999,0.172112,0.0206388
22,T,0,0.0484,0.166,0.295083,0.1732,0.1415046994,0.161742329,1.2873e-06,0.1666,0.259761,0.3742084950208664,0.16605799999999998,0.194768,0.0227235
23,D,0,0.0509,0.192,0.191378,0.106,0.1031889952,0.1721035409,1.2873e-06,0.1585,0.31903899999999996,0.3962327539920807,0.164976,0.207614,0.024530200000000002
24,T,0,0.0519,0.201,0.278302,0.1635,0.0559765197,0.1274513708,0.0,0.151,0.335279,0.3996035009622574,0.165927,0.195196,0.0242296
25,S,0,0.0504,0.221,0.222385,0.1117,0.045320331799999995,0.12437234890000001,6.3e-09,0.1441,0.361657,0.3894447535276413,0.167426,0.18278699999999998,0.0223856
26,V,0,0.0464,0.204,0.185198,0.0813,0.0381680133,0.1117555999,6.3e-09,0.1383,0.402215,0.3884290009737015,0.16888599999999998,0.163998,0.019900900000000003
27,Q,0,0.043,0.204,0.275179,0.1416,0.0554423673,0.1017491157,6.3e-09,0.1316,0.41843,0.3918612450361252,0.165915,0.138879,0.017770400000000002
28,S,0,0.0388,0.213,0.356642,0.1998,0.0877968567,0.08855624890000001,6.3e-09,0.1252,0.41767200000000004,0.38584350049495697,0.168138,0.113223,0.0161005
29,A,0,0.0337,0.215,0.349426,0.2122,0.10882377509999999,0.0749714536,6.3e-09,0.1198,0.442795,0.39551974833011627,0.163055,0.0993188,0.014921100000000001
30,L,0,0.0301,0.209,0.311707,0.1805,0.1087364518,0.0611496153,6.3e-09,0.1159,0.43257299999999993,0.3887602537870407,0.16301600000000002,0.0998702,0.0137904
31,Q,0,0.0278,0.193,0.408655,0.2748,0.1128570043,0.0476619601,6.3e-09,0.1124,0.390056,0.3799075037240982,0.162582,0.101688,0.0129704
32,P,0,0.0253,0.16699999999999998,0.408655,0.2786,0.1130410624,0.0339408995,6.3e-09,0.1092,0.36554699999999996,0.3745512515306473,0.163381,0.10408599999999998,0.01226
33,F,0,0.0235,0.149,0.324872,0.1998,0.11331300400000001,0.0204383162,6.3e-09,0.1061,0.342933,0.35859549045562744,0.162129,0.10208099999999999,0.0117178
34,H,0,0.0229,0.11699999999999999,0.30533000000000005,0.1844,0.1134236123,0.003309015,0.0,0.1031,0.285182,0.33218975365161896,0.165466,0.0973756,0.0113572
35,V,0,0.0227,0.12300000000000001,0.275179,0.1635,0.1178302506,0.0029329457,0.0,0.1,0.257841,0.33104099333286285,0.162413,0.0958787,0.011298200000000001
36,A,0,0.0227,0.111,0.196879,0.1041,0.0904371157,2.7048200000000003e-05,0.0,0.097,0.268052,0.3537214994430542,0.161821,0.0926839,0.011349799999999998
37,P,0,0.0231,0.114,0.196879,0.1041,0.05508656940000001,7.6026e-06,0.0,0.0941,0.264748,0.3685982525348663,0.168226,0.0993405,0.0115171
38,H,0,0.0233,0.128,0.196879,0.1117,0.0312868631,7.6026e-06,0.0,0.0908,0.25596599999999997,0.3796814978122711,0.16958900000000002,0.099576,0.011499200000000001
39,L,0,0.0229,0.126,0.196879,0.106,0.026877368199999998,6.13875e-05,0.0,0.0873,0.29276399999999997,0.3901222497224808,0.167845,0.100377,0.011852799999999998
40,A,0,0.0229,0.094,0.203355,0.106,0.0227091223,0.0007655328,0.0,0.0835,0.31061,0.3867402523756027,0.168954,0.0905756,0.011931299999999999
41,E,0,0.0219,0.077,0.191378,0.1018,0.0323327445,0.0038760004,0.0,0.0806,0.313105,0.3843642473220825,0.169985,0.0872444,0.0117004
42,G,0,0.0198,0.077,0.134866,0.0643,0.05299389559999999,0.0049032298,0.0,0.0789,0.305233,0.3502669930458069,0.1721,0.0874152,0.0112204
43,L,0,0.0169,0.075,0.069024,0.0308,0.09048010140000001,0.007796906700000001,0.0,0.0787,0.28314,0.3421687483787537,0.169945,0.08473330000000001,0.010672599999999999
44,K,0,0.0148,0.055999999999999994,0.129801,0.0554,0.1122074083,0.016403483400000002,0.0,0.0802,0.21328200000000003,0.332520991563797,0.17011400000000002,0.0779475,0.0100821
45,A,0,0.0128,0.053,0.134866,0.0587,0.1352838562,0.0305489642,0.0,0.0829,0.169679,0.3112557530403137,0.16788599999999998,0.06649719999999999,0.00951433
46,Y,0,0.0112,0.052000000000000005,0.191378,0.0965,0.16631771539999998,0.0445785088,0.0,0.0863,0.124852,0.2957327514886856,0.168669,0.05120209999999999,0.00910819
47,V,0,0.0105,0.044000000000000004,0.225814,0.1205,0.19740227230000001,0.058315745599999996,0.0,0.0893,0.094783,0.2799015045166016,0.168505,0.041181999999999996,0.008872
48,D,0,0.0103,0.042,0.17308099999999998,0.0858,0.21824849629999998,0.07226279070000001,0.0,0.0915,0.079903,0.2809977531433105,0.16864,0.0367548,0.00876549
49,R,0,0.0103,0.048,0.10699700000000001,0.049,0.2370782791,0.10972622119999999,0.0,0.0936,0.087484,0.2894555032253265,0.168047,0.035712400000000005,0.00874841
50,M,0,0.0103,0.055999999999999994,0.109221,0.049,0.255868451,0.13970159099999999,0.0963965824,0.0953,0.087474,0.2914532572031021,0.170535,0.0344352,0.00875887
51,W,0,0.0114,0.069,0.109221,0.0502,0.2529917444,0.144587771,0.0963965824,0.0982,0.085441,0.2921585142612457,0.172547,0.0350517,0.00883183
52,V,0,0.0127,0.08900000000000001,0.100716,0.0425,0.2287188909,0.1468372302,0.0967866382,0.1016,0.102755,0.24826399981975555,0.174027,0.036399400000000005,0.00906554
53,I,0,0.0145,0.126,0.10699700000000001,0.0441,0.21957985260000001,0.2404222017,0.20157305820000002,0.1066,0.140271,0.21904274448752406,0.176483,0.0398299,0.00947918
54,S,0,0.0169,0.121,0.16108699999999998,0.0744,0.23782400550000002,0.3297244251,0.294323297,0.1127,0.17538800000000002,0.2076512537896633,0.187055,0.044430800000000006,0.00984406
55,E,0,0.0199,0.136,0.16708699999999999,0.0789,0.2584726155,0.39848770570000003,0.377988421,0.1213,0.209637,0.20304299518466,0.193725,0.0500242,0.010317299999999998
56,D,0,0.0222,0.16,0.139895,0.0677,0.2890852988,0.4675727865,0.4579275564,0.1345,0.239898,0.2061015032231808,0.20419400000000001,0.0571616,0.0110999
57,E,0,0.0238,0.168,0.15284,0.0789,0.3287873718,0.5357429579999999,0.5467799925,0.1526,0.25413600000000003,0.22173874825239184,0.20411600000000002,0.0580401,0.0117707
58,A,0,0.024,0.17,0.21930100000000002,0.124,0.39168174240000003,0.561402672,0.6187166341,0.1751,0.25536,0.2437567487359047,0.207655,0.0590399,0.012573200000000001
59,I,0,0.0245,0.16699999999999998,0.14493499999999998,0.0771,0.4476528402,0.6014706103999999,0.6334311626,0.199,0.274841,0.26750724762678146,0.211306,0.060191800000000004,0.0137359
60,L,0,0.0254,0.168,0.10480999999999999,0.0554,0.514765209,0.6783560733,0.7195566183,0.223,0.27150599999999997,0.27593474835157394,0.21576700000000001,0.0688345,0.015312899999999999
61,A,0,0.0276,0.151,0.11370999999999999,0.0677,0.5792403085,0.7614782309,0.8104552355,0.2469,0.26652,0.22268100082874295,0.216087,0.0892892,0.0168763
62,R,0,0.0296,0.134,0.118441,0.0771,0.6013920557,0.7500544655,0.7928977974,0.2708,0.269495,0.22576574981212616,0.223025,0.11841199999999999,0.0183253
63,N,0,0.0316,0.132,0.15826500000000002,0.1178,0.5578908602,0.7484503316,0.7562172553000001,0.2945,0.261885,0.21194075047969815,0.22765100000000002,0.142652,0.019834900000000003
64,S,0,0.032,0.13,0.225814,0.1766,0.5119852076,0.7662687999,0.6725639147,0.3177,0.248563,0.2091662511229515,0.22879699999999997,0.149,0.021307800000000002
65,G,0,0.0311,0.11900000000000001,0.236433,0.1805,0.4560352234,0.7840470636,0.5926324327,0.3409,0.259915,0.20830275490880013,0.22325599999999998,0.126407,0.022796200000000003
66,V,0,0.0291,0.124,0.15284,0.1266,0.43311562299999995,0.7374993778,0.5037800049,0.3648,0.2826,0.20733450353145602,0.22249899999999997,0.08771849999999999,0.025250799999999997
67,V,0,0.0284,0.126,0.142424,0.115,0.3976155803,0.6739657590000001,0.4318433632,0.3887,0.305286,0.2174057513475418,0.22355100000000003,0.0563505,0.028534399999999998
68,E,0,0.0291,0.131,0.142424,0.1178,0.3494698452,0.6011937820000001,0.3207322523,0.4126,0.335493,0.2619680091738701,0.224673,0.045490499999999996,0.0340318
69,L,0,0.0304,0.13699999999999998,0.17593,0.1416,0.2674709577,0.6294287368,0.3457179078,0.4358,0.382208,0.2694465070962906,0.221502,0.0442491,0.0452496
70,V,0,0.0348,0.15,0.264545,0.2255,0.1897533167,0.6460725883,0.36266564729999995,0.4595,0.4073,0.2547387480735779,0.22521599999999997,0.046024800000000005,0.0618014
71,K,0,0.043,0.16399999999999998,0.308712,0.282,0.1595451275,0.6663866142,0.3823452727,0.4836,0.43610600000000005,0.22001349180936813,0.230775,0.050357599999999995,0.0824161
72,I,0,0.0541,0.185,0.257454,0.2531,0.17181125600000002,0.5646507717,0.33647330799999997,0.5082,0.4711,0.19451100751757625,0.226669,0.059508500000000006,0.109268
73,S,0,0.0718,0.20600000000000002,0.268042,0.2786,0.1687934025,0.4646404186,0.42680007229999994,0.5329,0.494514,0.21482650190591807,0.2394,0.0705826,0.144366
74,K,0,0.0966,0.243,0.194234,0.2209,0.1672477517,0.3641306106,0.42679379939999995,0.5572,0.524514,0.2419599965214729,0.240431,0.08707739999999999,0.177508
75,H,0,0.1211,0.304,0.203355,0.2255,0.133888274,0.431569663,0.4504055971,0.5809,0.551678,0.27492424845695496,0.24321700000000002,0.10385799999999999,0.21241100000000002
76,L,0,0.146,0.33899999999999997,0.23283800000000002,0.2558,0.0960196673,0.5356735572,0.5447830054999999,0.6043,0.592072,0.3024697452783585,0.245015,0.119907,0.256496
77,K,0,0.1822,0.349,0.291804,0.3005,0.0627034348,0.6374045942000001,0.6391037726,0.6276,0.624636,0.33482325077056885,0.25199499999999997,0.12887300000000002,0.292609
78,E,0,0.2167,0.368,0.352862,0.363,0.0692438667,0.61880139,0.6211812284,0.6515,0.654351,0.35277850925922394,0.255363,0.140852,0.33129899999999995
79,N,0,0.2464,0.391,0.352862,0.3668,0.09091837859999999,0.5975349075,0.6054288607,0.6759,0.678975,0.3551985025405884,0.259,0.16399,0.344431
80,E,0,0.2685,0.359,0.42561000000000004,0.4333,0.09007381880000001,0.5702687283,0.5912787553,0.7006,0.689596,0.3567287474870682,0.257402,0.195626,0.346721
81,A,0,0.2868,0.37,0.486429,0.4703,0.0968997608,0.6540227222,0.6717694170999999,0.7256,0.696545,0.35242575407028204,0.254182,0.223417,0.356031
82,L,0,0.3026,0.391,0.5054609999999999,0.4781,0.1195766383,0.7498366751000001,0.6735544777,0.75,0.738021,0.3483072519302368,0.25645999999999997,0.23280399999999998,0.354269
83,Q,0,0.3234,0.397,0.626927,0.5667,0.1506004491,0.8528764052,0.7659485379000001,0.7732,0.766181,0.3500770032405853,0.257432,0.267648,0.363763
84,V,0,0.3497,0.449,0.626927,0.5514,0.2272374457,0.8529312174,0.8348535494,0.7953,0.790285,0.3534975051879883,0.25743,0.329402,0.35646100000000003
85,D,0,0.3875,0.43799999999999994,0.632174,0.5583,0.30494145850000004,0.8547884768,0.8291288591,0.8162,0.817692,0.3562282472848892,0.262208,0.444079,0.382486
86,P,0,0.4299,0.40700000000000003,0.517562,0.5008,0.38041433799999996,0.8529136356,0.8287140748,0.8347,0.84229,0.3492165058851242,0.261606,0.568753,0.392937
87,K,0,0.4714,0.41200000000000003,0.6135729999999999,0.5583,0.455282464,0.8581622075,0.8295853693,0.848,0.8611409999999999,0.3496187478303909,0.26066,0.678315,0.41147399999999995
88,G,0,0.506,0.4,0.632174,0.5711,0.4956639246,0.8796646897,0.8312769654000001,0.857,0.8759950000000001,0.3469647616147995,0.258716,0.734528,0.417426
89,E,0,0.5281,0.415,0.622677,0.5711,0.521148402,0.9022547589,0.849623021,0.8625,0.887707,0.3524405062198639,0.25617,0.754123,0.419221
90,S,0,0.5395,0.429,0.5054609999999999,0.5126,0.5488739124,0.925514345,0.8533389137,0.8671,0.893339,0.37245650589466095,0.259881,0.768998,0.415325
91,K,0,0.5381,0.426,0.529623,0.5374,0.5728717387,0.9371379451999999,0.85551214,0.8712,0.8976200000000001,0.3754327446222305,0.257116,0.742975,0.401988
92,N,0,0.5286,0.433,0.5576909999999999,0.5412,0.5760508353,0.9406170852,0.8574386258,0.8748,0.902819,0.3750417530536652,0.25674,0.735352,0.374934
93,E,0,0.5097,0.40700000000000003,0.517562,0.5331,0.5225709843999999,0.9441836534,0.8593468637,0.8782,0.906594,0.3742147535085678,0.250539,0.732024,0.3575
94,K,0,0.4863,0.436,0.517562,0.5296,0.4704614451,0.9490398934000001,0.8624178712,0.8807,0.9094899999999999,0.3719592541456223,0.248029,0.670478,0.332831
95,S,0,0.4598,0.45399999999999996,0.490133,0.5253,0.4298429293,0.957052565,0.8696641734999999,0.883,0.911467,0.3650122433900833,0.24401,0.5995159999999999,0.30395700000000003
96,L,0,0.4235,0.474,0.480142,0.5173,0.3691978661,0.9704521214,0.857821233,0.8848,0.9082950000000001,0.3663855046033859,0.237681,0.55385,0.26914
97,S,0,0.393,0.467,0.461924,0.4967,0.32458152949999997,0.9763640295,0.8418406153,0.8865,0.910565,0.3662947565317154,0.229147,0.509268,0.229383
98,D,0,0.3581,0.503,0.352862,0.4379,0.3567962367,0.9806914059,0.7748396098999999,0.8879,0.9141520000000001,0.3607427626848221,0.229502,0.460171,0.20035999999999998
99,D,0,0.3227,0.532,0.366687,0.4379,0.3802586387,0.9765090094,0.7915464345000001,0.8888,0.91406,0.3666664958000183,0.21725500000000003,0.415249,0.16555699999999998
100,L,0,0.2907,0.541,0.268042,0.3762,0.3876621412,0.9712660409,0.8083607107999999,0.8894,0.918264,0.3632144927978516,0.205348,0.35187399999999996,0.13908199999999998
101,P,0,0.26,0.517,0.275179,0.3717,0.4325392703,0.9713537335,0.8251498958,0.8896,0.9197690000000001,0.3635532557964325,0.200521,0.309757,0.107545
102,K,0,0.2274,0.512,0.278302,0.3847,0.4905901182,0.9700026964,0.8418359514,0.8895,0.918767,0.357891246676445,0.18959700000000002,0.269985,0.08374119999999999
103,F,0,0.2061,0.5329999999999999,0.26085,0.3762,0.541822233,0.9654994064,0.8612233369,0.8886,0.918692,0.3345234990119934,0.17766400000000002,0.20792800000000003,0.065954
104,D,0,0.191,0.501,0.185198,0.3096,0.5349977695,0.9636326472,0.8711821629000001,0.8861,0.9103889999999999,0.3262147456407547,0.176403,0.16033,0.05736519999999999
105,I,0,0.1831,0.524,0.185198,0.3146,0.5422891736,0.9401897046,0.900076353,0.8818,0.904652,0.3295837491750717,0.163524,0.11591099999999999,0.0518991
106,S,0,0.1761,0.516,0.196879,0.3184,0.5538792155,0.8924910048,0.9329924409999999,0.8759,0.9027209999999999,0.3340277522802353,0.160299,0.09115089999999999,0.0524933
107,E,0,0.1704,0.545,0.196879,0.3146,0.5322861535,0.8474057745999999,1.0,0.8684,0.897608,0.3402807414531708,0.15423699999999999,0.0670313,0.0480128
108,F,0,0.1679,0.581,0.116183,0.2292,0.46677553380000003,0.8074179656999999,0.9999999939,0.8603,0.8898799999999999,0.33692850172519684,0.14968199999999998,0.0599761,0.050871
109,E,0,0.1689,0.545,0.116183,0.2209,0.4281825586,0.7671007374,0.9999999493999999,0.8515,0.875821,0.3333457559347153,0.151505,0.0593086,0.0491781
110,I,0,0.174,0.5670000000000001,0.116183,0.2167,0.43574054630000003,0.7206221468,0.952244758,0.8428,0.863978,0.33505524694919586,0.146829,0.06582719999999999,0.0542376
111,T,0,0.1806,0.544,0.15284,0.2432,0.43753146369999996,0.6706612668999999,0.9486108883,0.833,0.84514,0.3340442478656769,0.142272,0.075323,0.0552021
112,S,0,0.19,0.552,0.122885,0.1921,0.4387370071,0.6163263739,0.9484786849,0.8222,0.8399700000000001,0.3291285037994385,0.141266,0.0840863,0.0713982
113,S,0,0.1939,0.556,0.07802200000000001,0.1416,0.4930773988,0.5288255507999999,0.9484785740999999,0.8119,0.8325020000000001,0.3175907433032989,0.135554,0.08934,0.0751336
114,V,0,0.1941,0.57,0.16108699999999998,0.20800000000000002,0.5324955375,0.5390728936,0.837367463,0.8029,0.82258,0.3267564922571182,0.1327,0.0915787,0.0710656
115,S,0,0.1971,0.59,0.15284,0.1921,0.5787709587,0.5789974204,0.7262577397,0.7956,0.832383,0.321142241358757,0.13081600000000002,0.0906027,0.0620169
116,D,0,0.1958,0.631,0.155435,0.1805,0.5944133136,0.601396885,0.6151466286,0.7886,0.817523,0.3372720032930374,0.130366,0.0898899,0.05210990000000001
117,L,0,0.1928,0.643,0.155435,0.1805,0.6500499882999999,0.6421505438,0.6151466347,0.7811,0.821262,0.3401642441749573,0.129164,0.082807,0.0444818
118,F,0,0.1937,0.648,0.142424,0.1667,0.6644409852000001,0.6839184841,0.6151466791,0.7727,0.8240639999999999,0.3345850110054016,0.122697,0.0825655,0.03944330000000001
119,D,0,0.1984,0.607,0.23283800000000002,0.2167,0.6560534491,0.730075568,0.6562573086,0.7625,0.8314950000000001,0.33902275562286377,0.128248,0.0810585,0.0381904
120,D,0,0.2022,0.6659999999999999,0.21291,0.1998,0.6462549123,0.7767942827,0.6598911783,0.7504,0.833808,0.34906674921512604,0.125033,0.08656760000000001,0.037589
121,A,0,0.2076,0.624,0.23283800000000002,0.1921,0.6617116995000001,0.8306577432,0.6600233817,0.7358,0.825584,0.3492324948310852,0.120359,0.08679529999999999,0.039081199999999996
122,K,0,0.2126,0.657,0.222385,0.1878,0.6689991129,0.9168876838,0.6600234925,0.72,0.811492,0.34512799978256226,0.125223,0.0912569,0.0410733
123,L,0,0.2196,0.685,0.222385,0.1878,0.6397593942,0.9246101676999999,0.7682433433,0.705,0.8004720000000001,0.3560995012521744,0.120479,0.10317,0.0417806
124,E,0,0.2279,0.568,0.229226,0.1805,0.6575856414,0.9214332589,0.8793413303000001,0.6928,0.7918729999999999,0.3647267520427704,0.12206900000000001,0.138303,0.0434964
125,S,0,0.2329,0.59,0.284882,0.2209,0.7034498063,0.9386192906,0.9904524414,0.6838,0.780493,0.3634682595729828,0.123045,0.174093,0.0459346
126,L,0,0.233,0.615,0.20939499999999997,0.1732,0.6951830859999999,0.9412579348000001,0.9904524414,0.6769,0.773578,0.359165757894516,0.12136400000000001,0.222048,0.0467717
127,S,0,0.2316,0.628,0.147574,0.1292,0.6841373343000001,0.9477510431999999,0.9904524414,0.6699,0.771258,0.35447974503040314,0.11957899999999999,0.274935,0.0469723
128,S,0,0.2255,0.6459999999999999,0.222385,0.1766,0.6231767978,0.9524863238,0.8970301151000001,0.6616,0.763713,0.3478740006685257,0.118191,0.290542,0.044108499999999995
129,K,0,0.2139,0.61,0.332115,0.2602,0.5510145408,0.9615068415000001,0.7965897593000001,0.6521,0.754199,0.3366987407207489,0.115763,0.299709,0.0407185
130,S,0,0.1994,0.584,0.21291,0.1732,0.45206262420000004,0.8953797108,0.6854786481999999,0.6407,0.743296,0.3446052521467209,0.11543099999999999,0.28177399999999997,0.0362619
131,V,0,0.1828,0.51,0.15284,0.1266,0.361520315,0.8920005566,0.5743675371,0.6271,0.71392,0.3486882448196411,0.113693,0.280086,0.0328315
132,K,0,0.1672,0.373,0.17593,0.1416,0.3210047682,0.7994885314,0.46614768630000003,0.6113,0.691067,0.3586222380399704,0.11104800000000001,0.263263,0.029071800000000002
133,R,0,0.1518,0.29600000000000004,0.12061500000000001,0.1018,0.2618450459,0.6996850802,0.3550483115,0.5957,0.664905,0.35847824811935425,0.10650599999999999,0.23950900000000003,0.0256779
134,T,0,0.1406,0.265,0.137348,0.115,0.23283864850000002,0.5945663903,0.24393720030000002,0.5803,0.625433,0.35546348989009857,0.104341,0.204441,0.0212144
135,K,0,0.1314,0.22399999999999998,0.15008,0.1292,0.23959391,0.4884288471,0.1328260892,0.5654,0.559538,0.3343385010957718,0.10298900000000001,0.171977,0.017504699999999998
136,L,0,0.1237,0.19,0.094817,0.0832,0.2439712895,0.3826207812,0.0217149781,0.5509,0.512828,0.3240102529525757,0.09792260000000001,0.14298,0.014608600000000001
137,V,0,0.1175,0.158,0.14493499999999998,0.1266,0.2484972494,0.2787520086,0.010670755300000001,0.5376,0.41170200000000007,0.3013480007648468,0.0936363,0.131252,0.0126544
138,D,0,0.1132,0.13,0.142424,0.1292,0.2739047241,0.17534981489999998,0.0,0.5262,0.352234,0.2873327434062958,0.09030980000000001,0.123228,0.011052
139,G,0,0.1073,0.121,0.15008,0.1292,0.27330247399999996,0.1417609849,0.0,0.5158,0.388244,0.28169775009155273,0.0871482,0.125572,0.00994811
140,F,0,0.1015,0.121,0.15284,0.1349,0.2701833598,0.15075539529999998,0.0,0.5051,0.34989899999999996,0.26732249557971954,0.086686,0.11216300000000001,0.00918448
141,V,0,0.0999,0.114,0.15284,0.138,0.2681764052,0.1955419385,0.0,0.4935,0.374026,0.27622950077056885,0.0864348,0.09120249999999999,0.0087766
142,T,0,0.1057,0.12300000000000001,0.225814,0.1878,0.2309107258,0.226734345,0.0,0.4824,0.377359,0.292216494679451,0.0848666,0.08309689999999999,0.00864987
143,L,0,0.1147,0.147,0.24704099999999998,0.2041,0.1509060607,0.2361618911,0.0,0.473,0.38390799999999997,0.2961527407169342,0.0848027,0.0841245,0.00882469
144,C,0,0.1267,0.151,0.25406,0.1958,0.0861915738,0.2667598754,0.0,0.4632,0.401958,0.2945050001144409,0.0838119,0.10491500000000001,0.00945081
145,P,0,0.1395,0.16899999999999998,0.15008,0.1322,0.0601872503,0.3254681758,1.9e-09,0.453,0.43320299999999995,0.27033624053001404,0.0863591,0.13531700000000002,0.0109084
146,I,0,0.155,0.204,0.11148499999999999,0.0991,0.0341328138,0.37559426100000004,1.9e-09,0.4421,0.44259,0.24122850596904755,0.08571619999999999,0.159706,0.0132113
147,K,0,0.1738,0.17300000000000001,0.15008,0.115,0.0044889206,0.43423607420000004,2.3500000000000002e-08,0.4317,0.473203,0.23675925284624103,0.0878438,0.206423,0.016537200000000002
148,K,0,0.1946,0.18600000000000003,0.179055,0.1266,0.0034658832,0.4478968142,2.847e-07,0.4234,0.48167,0.2549000009894371,0.0877572,0.274507,0.0200988
149,D,0,0.2089,0.20800000000000002,0.17593,0.124,0.0041745738,0.3540820647,0.0093917367,0.4183,0.48494799999999993,0.2715820074081421,0.08731749999999999,0.305309,0.0225971
150,S,0,0.2135,0.21899999999999997,0.17016099999999998,0.124,0.0051937275,0.3159673194,0.0094087886,0.4168,0.484439,0.2523992583155632,0.0864544,0.330356,0.023394400000000003
151,S,0,0.206,0.22899999999999998,0.27150599999999997,0.1921,0.0070179762,0.3671055942,0.1033490717,0.4181,0.48498199999999997,0.2723802626132965,0.08678939999999999,0.323506,0.022073
152,N,0,0.1911,0.223,0.33564499999999997,0.2432,0.0076829254,0.4418158222,0.2144601828,0.4213,0.48557,0.19278400391340256,0.08441549999999999,0.287064,0.0191975
153,N,0,0.1733,0.20800000000000002,0.26085,0.1844,0.0083211962,0.4931441687,0.3255712939,0.4232,0.498992,0.1716502495110035,0.0841939,0.210581,0.0155119
154,T,0,0.1522,0.18100000000000002,0.264545,0.1805,0.008953880400000001,0.4805084786,0.4366824032,0.4213,0.473188,0.1762002520263195,0.08295,0.155379,0.0121429
155,F,0,0.1352,0.158,0.32860300000000003,0.2385,0.0096366775,0.4384583323,0.5469593193,0.4143,0.45354399999999995,0.18410024791955948,0.0830779,0.115684,0.00964048
156,V,0,0.1233,0.1,0.21291,0.1349,0.0113794484,0.3865316861,0.6569486846,0.4036,0.43902299999999994,0.19182125478982925,0.0848372,0.100348,0.00808521
157,A,0,0.1144,0.077,0.216401,0.1292,0.0103721399,0.3664505185,0.6569484234,0.3896,0.402607,0.2041492536664009,0.0853806,0.0937837,0.00700797
158,A,0,0.1057,0.067,0.216401,0.1322,0.0097094652,0.3495391403,0.6475569714,0.3746,0.367958,0.17383724823594093,0.0851041,0.106671,0.00622077
159,T,0,0.0972,0.063,0.216401,0.1322,0.008891124,0.3990426643,0.6475399195,0.3597,0.34013699999999997,0.16591699793934822,0.084463,0.125556,0.00558346
160,K,0,0.0882,0.065,0.20939499999999997,0.1349,0.008889903900000001,0.42752049090000005,0.6647107475,0.3462,0.307942,0.16226325742900372,0.0817265,0.151928,0.00508019
161,S,0,0.0761,0.064,0.225814,0.138,0.009810846600000001,0.45437166100000004,0.6647107475,0.3357,0.271162,0.16796200163662434,0.0805991,0.142183,0.00471968
162,G,0,0.0641,0.068,0.236433,0.138,0.0151095226,0.4833392,0.637554113,0.3287,0.26344,0.1635382492095232,0.0773712,0.11142200000000001,0.00455923
163,L,0,0.0534,0.073,0.216401,0.1349,0.06352568730000001,0.5434461209,0.5295525776,0.3247,0.24434699999999998,0.16410524770617485,0.0773721,0.062952,0.00463757
164,L,0,0.0477,0.081,0.196879,0.1266,0.10831896630000001,0.6392389507,0.5094645418,0.3209,0.25982,0.17406625673174858,0.07543530000000001,0.0410883,0.00496627
165,H,0,0.0474,0.098,0.132295,0.0858,0.1510120479,0.7359257768999999,0.4020089361,0.3171,0.302798,0.18707824870944026,0.0758043,0.0331691,0.00560688
166,I,0,0.0529,0.14800000000000002,0.15284,0.0884,0.1983813511,0.8470368796,0.4020089361,0.3143,0.357663,0.19659549742937088,0.0748387,0.0336781,0.00665186
167,I,0,0.0597,0.152,0.200174,0.1205,0.20321518989999998,0.9581458314,0.4020089361,0.3121,0.403465,0.1966725029051304,0.07552,0.0380934,0.0082812
168,K,0,0.0668,0.177,0.15826500000000002,0.0884,0.2077969572,0.9999880056999999,0.4020089361,0.3096,0.456296,0.18299325555562973,0.0757462,0.0498565,0.0105464
169,K,0,0.0722,0.226,0.15826500000000002,0.0884,0.2096395878,0.9999880839,0.2908978251,0.3054,0.5024649999999999,0.18299375474452967,0.07560460000000001,0.0711046,0.0127536
170,G,0,0.0753,0.22699999999999998,0.15284,0.0935,0.250021557,0.9997942967,0.17987152739999998,0.3008,0.522817,0.18424399197101596,0.0793092,0.09234289999999999,0.014449100000000001
171,E,0,0.0757,0.21899999999999997,0.10278699999999999,0.0514,0.2896208055,0.9991242172,0.0959205727,0.2976,0.507997,0.17997224256396294,0.076876,0.0984933,0.014898500000000002
172,D,0,0.0732,0.198,0.10480999999999999,0.0502,0.2947868382,0.9991245172,0.11905527519999999,0.296,0.478451,0.18736200407147408,0.0743625,0.08112799999999999,0.014115
173,K,0,0.073,0.159,0.06463200000000001,0.0286,0.3048234677,0.9991245186,0.0288663949,0.2948,0.505818,0.1946085058152676,0.0725507,0.0560014,0.012592299999999999
174,K,0,0.0781,0.14,0.098513,0.0441,0.284977545,0.9940481461,0.0263326136,0.293,0.484213,0.20093949139118195,0.07089939999999999,0.036175,0.0111441
175,L,0,0.0859,0.129,0.129801,0.0554,0.23760546920000003,0.9649505848000001,0.13744372470000002,0.2917,0.44832700000000003,0.19471624866127968,0.0691804,0.0285094,0.010136200000000001
176,I,0,0.0937,0.09699999999999999,0.147574,0.0723,0.23260985010000002,0.9337438556000001,0.24855483579999998,0.2897,0.406645,0.18805574998259544,0.06737080000000001,0.027411900000000003,0.00947867
177,K,0,0.1045,0.07200000000000001,0.16708699999999999,0.0771,0.2280145702,0.8995553015000001,0.3596659296,0.2855,0.363746,0.18202124908566475,0.0686063,0.0305423,0.00920564
178,L,0,0.1118,0.087,0.257454,0.138,0.2244892439,0.8267481603,0.4707769944,0.2787,0.313306,0.1872519962489605,0.0667319,0.03567290000000001,0.00897937
179,A,0,0.114,0.081,0.16108699999999998,0.0813,0.1824809129,0.7280622763,0.5805556203,0.2695,0.28316399999999997,0.1873225010931492,0.06728819999999999,0.045611599999999995,0.00892287
180,S,0,0.1145,0.078,0.11148499999999999,0.049,0.1368619658,0.6428491481,0.5805520984,0.2585,0.246378,0.17605150118470192,0.0676455,0.060042200000000004,0.00889495
181,L,0,0.1139,0.075,0.118441,0.0514,0.0825838335,0.5518040581,0.5543078202,0.245,0.223214,0.16761775501072407,0.0665505,0.0785804,0.00898979
182,G,0,0.113,0.067,0.069024,0.0286,0.0280616906,0.4607511038,0.5543078202,0.2308,0.222681,0.18961699679493904,0.06599239999999999,0.0959947,0.00908018
183,L,0,0.1095,0.068,0.038042,0.016,0.0062614868,0.38598969,0.5543078202,0.2178,0.21404,0.20944149047136307,0.065652,0.102973,0.00914979
184,K,0,0.0951,0.055999999999999994,0.041405000000000004,0.0179,0.0230888146,0.3705966816,0.4431967091,0.2092,0.204576,0.22182300686836245,0.0645935,0.10305399999999999,0.00907493
185,A,0,0.086,0.053,0.025762,0.0094,0.0427148084,0.3184909556,0.332085598,0.2049,0.206474,0.22075699269771576,0.0644731,0.0873986,0.00894637
186,P,0,0.0767,0.052000000000000005,0.045351999999999996,0.02,0.0621119109,0.29926760199999997,0.2209995019,0.2043,0.19635999999999998,0.2193652540445328,0.06311130000000001,0.07696549999999999,0.00862602
187,V,0,0.0762,0.054000000000000006,0.07802200000000001,0.0387,0.07256769269999999,0.2797714631,0.10988844029999999,0.205,0.164548,0.21868975460529327,0.0622749,0.061537800000000004,0.00820665
188,E,0,0.0787,0.054000000000000006,0.083462,0.0387,0.078036762,0.3591489858,0.111136112,0.2077,0.148208,0.2860027402639389,0.060908699999999996,0.05356709999999999,0.00777847
189,F,0,0.082,0.059000000000000004,0.134866,0.0701,0.0788505642,0.3454665818,0.111136112,0.2119,0.135141,0.2806747555732727,0.0603482,0.0481886,0.00749958
190,L,0,0.0851,0.059000000000000004,0.155435,0.0858,0.07966791,0.33726862590000006,0.111136112,0.2173,0.132029,0.2678147554397583,0.059896500000000005,0.0484503,0.0074221999999999995
191,Q,0,0.0891,0.057999999999999996,0.164327,0.0965,0.07885766030000001,0.3179154031,0.111136112,0.2226,0.14513099999999998,0.24682875722646716,0.0595177,0.05343730000000001,0.00760908
192,L,0,0.093,0.079,0.23283800000000002,0.1495,0.0752080236,0.2898349521,0.111136112,0.2275,0.174007,0.1943727508187294,0.058873400000000006,0.06346639999999999,0.00809141
193,Y,0,0.0967,0.092,0.15284,0.1018,0.057839994900000004,0.2232144608,0.111136112,0.2312,0.226212,0.191259253770113,0.0585467,0.082423,0.00895647
194,D,0,0.0991,0.096,0.15008,0.1041,0.0380576241,0.19541581079999998,0.111136112,0.2337,0.26971799999999996,0.18758025392889974,0.0583462,0.11105999999999999,0.010321799999999999
195,L,0,0.1009,0.102,0.083462,0.0607,0.0184670088,0.1377166124,0.1111111142,0.2354,0.310371,0.19443300366401672,0.0573579,0.14269400000000002,0.0119616
196,E,0,0.102,0.08900000000000001,0.083462,0.0643,0.0080418953,0.11890878630000001,0.11111111109999999,0.2372,0.342649,0.19993774592876434,0.057876199999999996,0.176495,0.013356
197,D,0,0.1002,0.085,0.039760000000000004,0.0297,0.0035405964,0.0272998301,0.0,0.2393,0.33464,0.2070465013384819,0.0581749,0.200059,0.0142113
198,T,0,0.0926,0.084,0.060549,0.049,0.0036167546,0.01576571,0.0,0.2415,0.306927,0.20393724739551544,0.058323400000000004,0.202308,0.0135891
199,D,0,0.0846,0.07400000000000001,0.056825,0.0455,0.0036642815000000003,0.0038976451,0.0,0.2436,0.33071,0.1836724951863289,0.057567099999999996,0.197138,0.012012
200,T,0,0.0716,0.071,0.116183,0.0909,0.0053070648,0.011025132,0.0,0.246,0.340507,0.17512699961662292,0.0566391,0.162195,0.00981352
201,D,0,0.054,0.063,0.185198,0.1566,0.0065198916,0.0161314097,0.0,0.2469,0.30977899999999997,0.17689074575901031,0.0558946,0.131487,0.00807619
202,K,0,0.0384,0.055,0.18812,0.1532,0.0079321683,0.0451483829,0.0,0.2465,0.286736,0.18087949231266973,0.0550525,0.0970489,0.00680342
203,Y,0,0.0281,0.048,0.18812,0.1566,0.008623575,0.1131206597,1.6469999999999999e-07,0.244,0.250807,0.19366250559687612,0.05447180000000001,0.07463,0.00610587
204,I,0,0.0221,0.042,0.18812,0.1495,0.009968223100000001,0.1271961992,1.6469999999999999e-07,0.2408,0.214035,0.21806099265813828,0.0543765,0.06636569999999999,0.00574125
205,F,0,0.0194,0.043,0.182256,0.1322,0.0108233854,0.143590368,1.6469999999999999e-07,0.2368,0.185861,0.2253927513957024,0.0540924,0.067775,0.00562957
206,A,0,0.018,0.043,0.185198,0.1416,0.0108923375,0.1542252556,1.6469999999999999e-07,0.2316,0.17136300000000002,0.21401350945234301,0.0538888,0.0748548,0.00569087
207,Y,0,0.0178,0.049,0.122885,0.0935,0.011269176799999999,0.1542457317,1.6469999999999999e-07,0.2261,0.17045,0.20134374499320984,0.054085400000000006,0.0873554,0.00585562
208,G,0,0.0183,0.055,0.127496,0.0935,0.0119504824,0.1542479163,1.6469999999999999e-07,0.2211,0.17013399999999998,0.2013624906539917,0.0544495,0.100858,0.00608123
209,G,0,0.0185,0.065,0.076542,0.0567,0.0115016776,0.1464158387,1.6469999999999999e-07,0.2181,0.189186,0.1970285028219223,0.053855999999999994,0.1058,0.006259000000000001
210,E,0,0.0176,0.055,0.076542,0.0542,0.021974609,0.1405726008,0.1111112758,0.2161,0.207341,0.20649400353431704,0.053748199999999996,0.0957309,0.00626112
211,E,0,0.0161,0.049,0.074921,0.0567,0.039633367,0.1529680299,0.2222223869,0.2139,0.209484,0.2164502590894699,0.053250599999999995,0.080349,0.00610829
212,N,0,0.0143,0.047,0.0704,0.0514,0.0765285174,0.15679458,0.2608053925,0.2127,0.214763,0.20288175344467166,0.0525717,0.0630706,0.00588005
213,L,0,0.0122,0.047,0.035586,0.0336,0.08424543949999999,0.2389522045,0.2608054023,0.2117,0.24249600000000002,0.17132674902677536,0.0527354,0.0533736,0.00566545
214,I,0,0.0113,0.053,0.06618099999999999,0.0567,0.1443125935,0.3284422874,0.3719164428,0.2111,0.23705900000000002,0.16709100268781185,0.0517094,0.048526599999999996,0.00555838
215,K,0,0.0111,0.057999999999999996,0.10699700000000001,0.1018,0.19541887510000003,0.4230580259,0.3940595222,0.2088,0.24064899999999997,0.14378200005739927,0.051784800000000006,0.0472175,0.00560833
216,L,0,0.0108,0.069,0.127496,0.1018,0.1970861657,0.4926762797,0.404030879,0.2049,0.262973,0.14301025448367002,0.0510652,0.0468542,0.00578538
217,V,0,0.0113,0.075,0.14493499999999998,0.1205,0.19844899010000003,0.5537831078000001,0.40855484259999997,0.1994,0.270125,0.14319749269634485,0.050950199999999994,0.0483147,0.00607697
218,E,0,0.0125,0.084,0.225814,0.1878,0.1972710013,0.6149380409,0.4158301921,0.1932,0.25850700000000004,0.14394700713455674,0.051241199999999994,0.0526855,0.00648737
219,I,0,0.0136,0.12300000000000001,0.15008,0.115,0.1854115816,0.6569270448,0.3047190809,0.187,0.295713,0.14467350021004674,0.0506456,0.0588013,0.00700025
220,D,0,0.0153,0.125,0.085092,0.0643,0.1663938777,0.6461321036,0.1937251084,0.1812,0.322684,0.14702700078487396,0.051801599999999996,0.0665954,0.00752282
221,S,0,0.0167,0.138,0.085092,0.0607,0.12884682449999998,0.6211700861,0.1551419392,0.176,0.300295,0.1459357524290681,0.0517409,0.07537999999999999,0.00799007
222,S,0,0.0176,0.151,0.067594,0.0464,0.1198692926,0.6013404609,0.1905540625,0.1723,0.312345,0.15592950023710728,0.051389300000000006,0.0855995,0.00828332
223,F,0,0.0171,0.19399999999999998,0.059222000000000004,0.0455,0.0588769762,0.5606250532,0.1432024504,0.1685,0.32387699999999997,0.1817592456936836,0.0509726,0.0974851,0.00835078
224,Q,0,0.0177,0.182,0.10480999999999999,0.0744,0.0073474872,0.5229686291,0.1459949415,0.1664,0.301948,0.16636650636792186,0.051047800000000004,0.107306,0.00833738
225,S,0,0.017,0.205,0.116183,0.0832,0.008574136999999999,0.4564665559,0.22020971649999999,0.1641,0.30585100000000004,0.15471874922513962,0.050714999999999996,0.102505,0.0082615
226,L,0,0.0159,0.21,0.116183,0.0909,0.0096495573,0.4024636262,0.2556964823,0.1627,0.321208,0.15400899574160576,0.0501744,0.09006489999999999,0.00823201
227,K,0,0.0161,0.185,0.18812,0.1456,0.0134245397,0.3478195103,0.2802257761,0.1606,0.309947,0.15349275525659326,0.0500608,0.08064360000000001,0.00833128
228,Q,0,0.0162,0.17800000000000002,0.257454,0.2041,0.0164426062,0.36090535840000004,0.36014707380000005,0.1594,0.289038,0.16811200603842735,0.0497866,0.0693161,0.00860509
229,I,0,0.0166,0.185,0.24704099999999998,0.1878,0.0869915349,0.3894857721,0.4394510535,0.1607,0.301247,0.18477900698781013,0.0495942,0.0646404,0.00916292
230,W,0,0.0181,0.21899999999999997,0.25406,0.2041,0.1886512639,0.4269270151,0.4944635278,0.1633,0.294376,0.23750174790620804,0.049508800000000006,0.06334980000000001,0.0100642
231,E,0,0.0213,0.205,0.25406,0.2041,0.2938410225,0.4613143085,0.4590513947,0.1673,0.294225,0.2465822473168373,0.04990069999999999,0.0731025,0.0115506
232,A,0,0.0249,0.23399999999999999,0.222385,0.1805,0.39473524409999994,0.5072565754999999,0.39529196619999996,0.1705,0.32614299999999996,0.2349337562918663,0.0498679,0.0897219,0.013339600000000002
233,K,0,0.0297,0.212,0.225814,0.1732,0.4837452602,0.5507734844,0.37035639579999996,0.1734,0.355106,0.18951624259352684,0.0504433,0.110475,0.0152412
234,N,0,0.0347,0.185,0.275179,0.1958,0.5342513787,0.6587472793,0.286170264,0.1759,0.354918,0.15369175095111132,0.0510572,0.14719200000000002,0.0166486
235,V,0,0.0371,0.168,0.295083,0.2122,0.584277905,0.7627519770000001,0.2461595345,0.1813,0.355585,0.14688499690964818,0.050751199999999996,0.184973,0.0172165
236,K,0,0.0389,0.15,0.236433,0.1602,0.6430797842,0.8673512554,0.2143548913,0.1882,0.391556,0.15664449520409107,0.0504406,0.23741199999999998,0.0171568
237,N,0,0.0389,0.128,0.216401,0.1698,0.7051762031000001,0.8852269423000001,0.1345654413,0.1948,0.389598,0.14889525528997186,0.0502571,0.287902,0.015692400000000002
238,D,0,0.0342,0.11900000000000001,0.25031,0.1958,0.7407549329,0.8894966743000001,0.1314387041,0.1987,0.379293,0.15471400413662195,0.0500625,0.345588,0.0141007
239,R,0,0.0283,0.111,0.20637600000000003,0.1635,0.7340838838,0.8248310655,0.13555624619999998,0.2012,0.360742,0.15036275330930948,0.0496784,0.358769,0.0121572
240,L,0,0.0231,0.09699999999999999,0.264545,0.2255,0.6558503406,0.732022455,0.1472814735,0.2027,0.336335,0.15316525381058455,0.0494062,0.35818099999999997,0.0104861
241,D,0,0.0192,0.08199999999999999,0.284882,0.2432,0.5975764439,0.6368562589,0.16611012630000002,0.2032,0.285007,0.1476375013589859,0.0491717,0.30889099999999997,0.00902365
242,M,0,0.0156,0.083,0.275179,0.2333,0.5572067217,0.5387593326,0.16611012630000002,0.2028,0.23452800000000001,0.14023749891202894,0.048849800000000006,0.26860100000000003,0.00807558
243,R,0,0.0133,0.08,0.194234,0.1878,0.5222477282,0.4407147648,0.16611012630000002,0.2015,0.208733,0.14065950457006693,0.0488816,0.22971999999999998,0.007482600000000001
244,V,0,0.0116,0.07,0.134866,0.1349,0.4897753587,0.3438193068,0.16611012630000002,0.1993,0.17781,0.14302550023421645,0.0487335,0.19389800000000001,0.00703241
245,P,0,0.0109,0.065,0.132295,0.1322,0.4441271408,0.2678402309,0.16875339649999999,0.1959,0.16083499999999998,0.14419149607419968,0.0490607,0.170979,0.00668508
246,V,0,0.0105,0.07,0.21291,0.20800000000000002,0.3846548457,0.237134813,0.1686222044,0.1926,0.127502,0.14661549497395754,0.048838,0.13580599999999998,0.00647954
247,W,0,0.0108,0.083,0.216401,0.2041,0.2867980415,0.2502729395,0.1712104552,0.1901,0.126158,0.15000374894589186,0.048555900000000006,0.10596900000000001,0.00650248
248,P,0,0.0115,0.10099999999999999,0.23283800000000002,0.2255,0.21642834589999999,0.30792484,0.1807315313,0.1883,0.117398,0.15672325529158115,0.048452800000000004,0.08296160000000001,0.00684895
249,M,0,0.0121,0.13699999999999998,0.225814,0.2167,0.21778292559999998,0.3680105363,0.25189604,0.1866,0.114723,0.15173825155943632,0.048399199999999996,0.0679801,0.00749725
250,A,0,0.0133,0.133,0.21930100000000002,0.2292,0.18361716179999998,0.4320053639,0.264416539,0.1845,0.140369,0.14192900573834774,0.04896319999999999,0.0695798,0.00862148
251,L,0,0.0151,0.126,0.30533000000000005,0.2963,0.1430800956,0.49962369090000003,0.2655430304,0.1823,0.156175,0.14142874651588502,0.049822500000000006,0.0686413,0.0103295
252,R,0,0.0183,0.149,0.308712,0.2913,0.1279557482,0.5599415086999999,0.2655431538,0.1814,0.177892,0.14046950038755313,0.0495074,0.0804554,0.0132233
253,F,0,0.0228,0.217,0.33916799999999997,0.3263,0.111781595,0.6149872383,0.2655455657,0.1819,0.256708,0.14702125266194346,0.0500325,0.10418,0.0182794
254,L,0,0.0303,0.287,0.33916799999999997,0.3359,0.1041019183,0.6716021012000001,0.2629252937,0.1856,0.339341,0.15692624635994434,0.050808400000000004,0.154674,0.026041500000000002
255,E,0,0.0424,0.316,0.398279,0.4078,0.104341435,0.6453256602,0.2629249666,0.1886,0.423217,0.1624750029295683,0.0526119,0.21811599999999998,0.0366101
256,P,0,0.0594,0.33899999999999997,0.28839899999999996,0.3146,0.0972959326,0.6431111259000001,0.18404233469999998,0.1925,0.531292,0.1653097439557314,0.05306280000000001,0.280555,0.048799199999999994
257,S,0,0.0796,0.36700000000000005,0.366687,0.3806,0.0738910799,0.569651043,0.14710444050000002,0.1944,0.609553,0.19853325188159945,0.0544725,0.37756100000000004,0.059424
258,P,0,0.0971,0.374,0.38404299999999997,0.3717,0.0475680741,0.4919310531,0.17242153719999997,0.1967,0.651195,0.21047550439834595,0.055898800000000005,0.450376,0.0662064
259,G,0,0.1096,0.376,0.359901,0.3578,0.0390796416,0.4130047271,0.20023067579999998,0.1971,0.67262,0.2512935027480125,0.0571274,0.46897700000000003,0.06864060000000001
260,K,0,0.1125,0.353,0.28839899999999996,0.3146,0.030613418700000002,0.3333446765,0.310033601,0.1951,0.625698,0.2621572464704513,0.0571627,0.44398000000000004,0.0656635
261,T,0,0.1067,0.326,0.291804,0.3146,0.0350920926,0.3083386866,0.31005721350000004,0.1912,0.599463,0.26082225888967514,0.056528199999999994,0.40321,0.0579929
262,E,0,0.0936,0.28300000000000003,0.342579,0.363,0.030312758500000002,0.23908513050000002,0.3100548016,0.1852,0.6038140000000001,0.25994424521923065,0.0555803,0.337478,0.0476206
263,K,0,0.0765,0.215,0.26085,0.2963,0.0213011176,0.1643476385,0.31003180350000004,0.1807,0.5585859999999999,0.24760174751281736,0.053878499999999996,0.24919899999999998,0.0359213
264,G,0,0.0597,0.156,0.37044499999999997,0.3717,0.015598238200000001,0.188739737,0.3100314749,0.1778,0.559983,0.2376870065927505,0.052932799999999995,0.185831,0.0256341
265,K,0,0.0446,0.128,0.450668,0.4556,0.0143862637,0.13309494689999998,0.3100314749,0.1762,0.474354,0.19619399309158325,0.0518538,0.12629500000000002,0.017714599999999997
266,L,0,0.0325,0.115,0.332115,0.3668,0.0131642735,0.1492284074,0.2783182756,0.1726,0.38500999999999996,0.1924780048429966,0.0514948,0.09533530000000001,0.0128493
267,N,0,0.0254,0.079,0.298791,0.3456,0.0111686256,0.1627289215,0.170111443,0.1671,0.297835,0.2082752585411072,0.05063719999999999,0.0749201,0.00974619
268,Y,0,0.0196,0.063,0.30533000000000005,0.3491,0.0110740704,0.2682864294,0.1109531525,0.1617,0.214182,0.22075725346803665,0.0502467,0.0661572,0.00804353
269,Q,0,0.0162,0.057999999999999996,0.196879,0.2657,0.0108679553,0.37828595020000005,2.37359e-05,0.1584,0.17169700000000002,0.2409759983420372,0.0496725,0.0584773,0.0070529
270,F,0,0.0139,0.064,0.196879,0.2657,0.0017903306,0.3299082386,0.0,0.1556,0.136233,0.2469897568225861,0.049489599999999995,0.0533909,0.00649851
271,A,0,0.0122,0.064,0.196879,0.27,0.0011643833999999999,0.3299007423,0.0,0.1534,0.12211,0.2393142506480217,0.0489511,0.051624199999999995,0.00631231
272,A,0,0.0114,0.065,0.127496,0.1958,0.0006752527,0.3128920122,0.0,0.1511,0.13100599999999998,0.2312782481312752,0.0490491,0.050827,0.00637868
273,I,0,0.0109,0.07,0.116183,0.1958,0.0004404924,0.27007552079999997,0.0,0.15,0.127156,0.21683624386787412,0.0490575,0.0506736,0.00668177
274,T,0,0.011,0.078,0.122885,0.1878,0.00040852160000000006,0.2513290702,0.0,0.149,0.13206500000000002,0.2445972487330437,0.0495636,0.052062300000000006,0.00728573
275,R,0,0.0115,0.10099999999999999,0.127496,0.1958,0.0026392144,0.2317681242,0.0,0.1487,0.157718,0.2466989904642105,0.0486256,0.055813699999999994,0.00821579
276,W,0,0.0122,0.11699999999999999,0.132295,0.1878,0.0059488712,0.21824148710000002,0.0,0.1489,0.17649700000000001,0.2529724910855293,0.0485851,0.0624245,0.00948783
277,S,0,0.0136,0.10800000000000001,0.196879,0.2531,0.0093355721,0.1348902883,0.0379027143,0.1501,0.21522600000000003,0.2352299988269806,0.049437,0.07678610000000001,0.011161399999999998
278,H,0,0.0153,0.10800000000000001,0.182256,0.2531,0.012661001699999999,0.023918306299999997,0.0379027143,0.1524,0.253817,0.19554825127124786,0.0487054,0.0952133,0.0136197
279,L,0,0.0169,0.11699999999999999,0.257454,0.3359,0.0162520172,0.11661942310000001,0.0380135237,0.1562,0.3257,0.19970749318599698,0.0488611,0.132419,0.016737000000000002
280,T,0,0.0204,0.13699999999999998,0.278302,0.3535,0.019843366799999998,0.1971946252,0.0380135237,0.16,0.383561,0.17494800314307213,0.0496168,0.171726,0.0213298
281,K,0,0.0245,0.201,0.278302,0.3491,0.0221667645,0.27385391579999996,0.0380135505,0.1646,0.430004,0.16477474942803386,0.0492284,0.22389699999999998,0.0283801
282,Y,0,0.0286,0.249,0.278302,0.3456,0.022208912200000003,0.3639657079,0.0380135505,0.1695,0.44924200000000003,0.16774774715304375,0.0492673,0.274188,0.0352439
283,S,0,0.0357,0.24,0.31487,0.3847,0.0224015594,0.3986167348,0.1472641702,0.1741,0.483521,0.1647222451865673,0.0504342,0.346882,0.043246
284,T,0,0.0428,0.23600000000000002,0.31487,0.3806,0.0204404421,0.3982399596,0.1966922431,0.1764,0.442484,0.16829224675893786,0.049942900000000005,0.386164,0.047832400000000004
285,Q,0,0.0482,0.247,0.318242,0.3885,0.017696103799999998,0.3979181829,0.2823830419,0.1763,0.420134,0.1722710020840168,0.049640300000000005,0.411571,0.049701199999999994
286,H,0,0.0501,0.259,0.243554,0.3146,0.018698754799999998,0.37469847030000003,0.24448032760000002,0.1755,0.45409499999999997,0.17249100655317307,0.0506704,0.436226,0.047757
287,G,0,0.0489,0.252,0.268042,0.3456,0.0498185312,0.456723535,0.2772777055,0.1749,0.46152200000000004,0.18196550384163854,0.050443800000000004,0.435176,0.044060699999999994
288,R,0,0.0437,0.252,0.301917,0.3717,0.082315311,0.44768546439999996,0.3183014834,0.1758,0.433762,0.21293550729751587,0.0494976,0.401077,0.0395019
289,K,0,0.0381,0.204,0.31487,0.3762,0.1101756413,0.4575721348,0.41170673560000004,0.1787,0.40692399999999995,0.20736625790596008,0.049127699999999996,0.367857,0.03314280000000001
290,P,0,0.0317,0.17800000000000002,0.394753,0.4379,0.1393054328,0.46415636509999997,0.5059175489,0.1838,0.381355,0.18050825223326686,0.0494904,0.319927,0.0277181
291,F,0,0.0268,0.177,0.40510999999999997,0.4513,0.172050547,0.4573278789,0.6001223037,0.1911,0.34833800000000004,0.17458000034093854,0.0478657,0.282945,0.02316
292,A,0,0.0241,0.157,0.440853,0.4749,0.2040555336,0.5060639933,0.5837407934000001,0.1989,0.313598,0.17943724617362022,0.0477002,0.26050300000000004,0.020386900000000003
293,Q,0,0.0224,0.159,0.440853,0.4781,0.2801388297,0.5892233122999999,0.6281721935,0.2072,0.29473,0.17122500389814374,0.0475589,0.248548,0.018421
294,I,0,0.0205,0.152,0.440853,0.4781,0.352183211,0.672401032,0.6365999886,0.2167,0.273373,0.16871950216591358,0.04686780000000001,0.237073,0.0167417
295,D,0,0.0199,0.17300000000000001,0.44757399999999997,0.4918,0.4085369901,0.7555762858,0.7302387947,0.2259,0.272346,0.16519849374890327,0.0474321,0.239871,0.0164268
296,L,0,0.0196,0.22,0.394753,0.4513,0.4214512114,0.7623387301000001,0.7917512094,0.2363,0.282631,0.16632474400103092,0.0471426,0.236659,0.0170478
297,L,0,0.0203,0.222,0.40510999999999997,0.4651,0.42449987130000005,0.7640049361,0.8441291062,0.2463,0.325565,0.16367374733090398,0.0470533,0.23333800000000002,0.018741499999999998
298,P,0,0.0223,0.2,0.33916799999999997,0.4078,0.47219502609999997,0.7577792377,0.8299094806999999,0.2568,0.37134,0.1614327561110258,0.0478168,0.254228,0.021513400000000002
299,N,0,0.0253,0.20800000000000002,0.236433,0.3311,0.5209586268999999,0.7792447314000001,0.8266895956999999,0.2675,0.408509,0.16776700131595135,0.047151,0.283508,0.0237172
300,R,0,0.0272,0.20800000000000002,0.24704099999999998,0.3491,0.5786753925,0.8023632440999999,0.8268739273000001,0.278,0.436566,0.1718060038983822,0.047848800000000004,0.296241,0.0250816
301,E,0,0.0287,0.20600000000000002,0.18812,0.2865,0.6389503599,0.8256041083,0.8348009488,0.2909,0.45106899999999994,0.15590500459074974,0.0480999,0.282482,0.0239733
302,P,0,0.0285,0.213,0.28839899999999996,0.363,0.6525825648,0.8341940861,0.8352840316,0.3035,0.448284,0.15548574831336734,0.0479308,0.26156799999999997,0.022034900000000003
303,L,0,0.0279,0.21,0.31487,0.3885,0.6706184445000001,0.8458798611,0.8355106539,0.3157,0.44328599999999996,0.15094600431621075,0.0470166,0.215615,0.0196443
304,S,0,0.0275,0.187,0.31487,0.3939,0.7030622287999999,0.8632661957,0.8360788259,0.326,0.431856,0.15259749256074429,0.046997500000000005,0.164297,0.017218599999999997
305,Q,0,0.0266,0.17600000000000002,0.41194,0.4703,0.7480040225,0.8583476209,0.8360015299,0.3366,0.42574399999999996,0.15440875478088856,0.046678,0.1166,0.0150205
306,M,0,0.025,0.16399999999999998,0.33916799999999997,0.3992,0.7997798597,0.8773997390999999,0.836793991,0.3465,0.42478599999999994,0.15500374976545572,0.0465144,0.086492,0.013178799999999997
307,E,0,0.0249,0.158,0.349426,0.4037,0.8114867127,0.8962341864,0.8519504622,0.3542,0.407043,0.15678325295448306,0.0469761,0.0714529,0.011856299999999998
308,V,0,0.025,0.161,0.4292,0.4651,0.8082645947,0.8756664037999999,0.8543943807,0.3596,0.38883,0.1635819971561432,0.0469899,0.06377290000000001,0.0112002
309,F,0,0.0263,0.163,0.394753,0.4379,0.7692575559,0.8534259798999999,0.8539287687999999,0.3623,0.414379,0.16807274892926216,0.0471899,0.06536130000000001,0.011409299999999999
310,D,0,0.0291,0.172,0.301917,0.3578,0.7382568645,0.8467380272,0.8450455701,0.3642,0.434195,0.170926745980978,0.0477822,0.0758398,0.012385799999999999
311,A,0,0.032,0.183,0.298791,0.3578,0.7097217428,0.8614471298999999,0.8244253336,0.3659,0.444139,0.16554100811481476,0.047795699999999997,0.084024,0.013459
312,K,0,0.0346,0.182,0.301917,0.3535,0.7023135620000001,0.8731529238,0.8135056705,0.3674,0.478484,0.1807345040142536,0.0483284,0.0924103,0.014635299999999999
313,G,0,0.0356,0.191,0.17016099999999998,0.2432,0.6920038218000001,0.8787196543000001,0.8150126440000001,0.3688,0.490846,0.18393975123763084,0.048735,0.0875948,0.014920600000000001
314,E,0,0.0349,0.183,0.257454,0.3225,0.6269258242,0.9006345565999999,0.8159538806000001,0.3681,0.46940600000000005,0.17429324984550476,0.049206099999999996,0.0698436,0.0145336
315,N,0,0.0335,0.184,0.257454,0.3225,0.568293576,0.8833938035,0.8327600446,0.3666,0.449712,0.1865535080432892,0.049110400000000005,0.0542513,0.013692099999999999
316,V,0,0.0309,0.17600000000000002,0.257454,0.3184,0.5625565334,0.8674453346,0.8495290561,0.3638,0.44793900000000003,0.2001607529819012,0.0493158,0.044487900000000004,0.013304399999999997
317,V,0,0.0304,0.16899999999999998,0.301917,0.3399,0.5580089764,0.860103765,0.8672052931,0.3604,0.442,0.20959075540304184,0.0492884,0.0405281,0.0132882
318,S,0,0.031,0.166,0.18812,0.2385,0.5786919875,0.8769553659999999,0.8681678127,0.357,0.443003,0.21325675398111346,0.04933680000000001,0.0407754,0.013969
319,S,0,0.0312,0.159,0.264545,0.3005,0.5991269325,0.8811779944,0.8712093584,0.3525,0.45306899999999994,0.19781050831079486,0.049613199999999996,0.041597800000000004,0.015049200000000002
320,L,0,0.0309,0.139,0.380708,0.3847,0.6147151490999999,0.8623951609,0.892169792,0.3455,0.464739,0.197198249399662,0.049806199999999995,0.045387800000000006,0.016505000000000002
321,G,0,0.0317,0.138,0.298791,0.2963,0.5594770208,0.8406632459000001,0.9001189643,0.3365,0.463786,0.18587474897503853,0.0499894,0.0491335,0.0178102
322,N,0,0.0316,0.183,0.342579,0.3263,0.5048461565,0.8397090398,0.8976945331,0.3273,0.45719899999999997,0.1879337541759014,0.050530900000000004,0.0541401,0.018847700000000002
323,F,0,0.0296,0.20199999999999999,0.284882,0.2786,0.5333156582,0.8400052837,0.8968622353,0.3203,0.46868999999999994,0.19516775384545326,0.05065669999999999,0.0600741,0.0182515
324,Q,0,0.0288,0.159,0.203355,0.20800000000000002,0.5358717090999999,0.856523351,0.8350433695999999,0.3138,0.471249,0.20933374762535092,0.0505277,0.06952960000000001,0.0173621
325,S,0,0.0269,0.136,0.196879,0.1878,0.46058483270000006,0.8721923856,0.8062720251000001,0.3065,0.43747600000000003,0.21860075742006305,0.050531900000000005,0.07400930000000001,0.015541299999999997
326,E,0,0.0242,0.125,0.18812,0.1805,0.38923891369999997,0.8789193181999999,0.7257893745,0.2985,0.42075200000000007,0.22411774098873136,0.0505853,0.07579010000000001,0.013627700000000001
327,T,0,0.0211,0.11800000000000001,0.257454,0.2385,0.31875702440000003,0.8334380224,0.6309034015999999,0.2903,0.39915900000000004,0.2071562483906746,0.0511297,0.0696172,0.0115794
328,F,0,0.0185,0.11800000000000001,0.23283800000000002,0.2292,0.23793202089999999,0.7833673875,0.5359489362,0.2837,0.359252,0.17618625611066818,0.05117940000000001,0.0613716,0.00967846
329,N,0,0.0168,0.102,0.23283800000000002,0.2209,0.1610782585,0.751558539,0.452752331,0.2792,0.334524,0.16556674428284168,0.0511485,0.0528385,0.00830355
330,E,0,0.0149,0.095,0.23283800000000002,0.2122,0.1332035391,0.7177305632,0.3616837418,0.2751,0.326536,0.16904549859464169,0.051282400000000006,0.0475192,0.00716026
331,L,0,0.0133,0.094,0.32860300000000003,0.2865,0.1050313533,0.6175518323,0.2683942214,0.2696,0.304983,0.17799150571227074,0.0513314,0.0459834,0.00645793
332,N,0,0.0126,0.092,0.268042,0.2292,0.0495699346,0.5515603204,0.1740527859,0.2594,0.276952,0.16664849780499935,0.05192000000000001,0.0462895,0.00587054
333,V,0,0.0119,0.10300000000000001,0.155435,0.1566,0.014738117,0.4488097032,0.1247605425,0.2485,0.258103,0.1642614994198084,0.052441699999999994,0.0491194,0.00551276
334,I,0,0.0119,0.11800000000000001,0.257454,0.2167,0.0049128437,0.389670629,0.0424207776,0.2386,0.26055700000000004,0.168272003531456,0.052419900000000005,0.0544634,0.00528413
335,T,0,0.0121,0.12300000000000001,0.15008,0.1349,0.0038604715999999996,0.3063894895,0.0117923176,0.2308,0.257291,0.1646954994648695,0.0528692,0.066834,0.00519863
336,T,0,0.0127,0.14300000000000002,0.155435,0.1349,0.0025003852,0.2775522921,0.0117922963,0.2235,0.24836999999999998,0.16890974901616573,0.053600699999999994,0.08383589999999999,0.00520052
337,D,0,0.0132,0.17,0.147574,0.1266,0.0013746723,0.3345690949,0.0117922838,0.2182,0.263298,0.1857555024325848,0.0541068,0.10169700000000001,0.00530585
338,Y,0,0.0133,0.192,0.155435,0.1322,0.0011244466,0.38981348590000003,0.0003061364,0.2154,0.28626599999999996,0.18588799983263016,0.054460699999999994,0.110346,0.00542932
339,K,0,0.0141,0.192,0.257454,0.1998,0.0009387781,0.44991517020000005,0.0,0.2148,0.307256,0.2027824968099594,0.05521,0.114228,0.00556961
340,K,0,0.0147,0.19,0.243554,0.1958,0.0012218221,0.5560287547999999,0.0670659086,0.2149,0.327629,0.21089725196361545,0.0553377,0.108162,0.00572414
341,N,0,0.0151,0.184,0.200174,0.1602,0.0013264228,0.6062504467000001,0.077090304,0.2146,0.35223699999999997,0.286764994263649,0.055769000000000006,0.0997372,0.00587394
342,V,0,0.0152,0.17800000000000002,0.200174,0.1566,0.001772625,0.6951725243000001,0.08941193199999999,0.2142,0.353086,0.1961234919726849,0.0561327,0.09062339999999999,0.00614776
343,F,0,0.016,0.151,0.18812,0.1532,0.022969814900000003,0.7426773829000001,0.0898924035,0.2149,0.34477399999999997,0.1950487568974495,0.0563984,0.0891949,0.00660242
344,K,0,0.0179,0.136,0.243554,0.1958,0.044124186100000004,0.8318576537000001,0.0979449101,0.2152,0.361492,0.2140747532248497,0.0571862,0.100977,0.00741452
345,F,0,0.0197,0.187,0.264545,0.2041,0.14784305960000002,0.8884224925,0.1906223063,0.2147,0.372156,0.217011496424675,0.0572392,0.125263,0.00854255
346,D,0,0.0234,0.19699999999999998,0.26085,0.2041,0.2196956765,0.8807859213,0.28266282670000004,0.2131,0.368452,0.19699425622820851,0.0583817,0.157676,0.010052
347,G,0,0.027,0.205,0.26085,0.2167,0.24068654550000002,0.8679926790000001,0.3767288229,0.2114,0.354249,0.19676049426198008,0.05900349999999999,0.205391,0.011857600000000001
348,N,0,0.0287,0.193,0.26085,0.2122,0.2627762972,0.8677681347,0.4628465582,0.211,0.368064,0.20603899657726288,0.0595904,0.227029,0.013452100000000002
349,G,0,0.0284,0.172,0.352862,0.2786,0.2892937966,0.8675340007,0.4814401789,0.2104,0.37441399999999997,0.21350574493408206,0.0604931,0.245274,0.014638
350,R,0,0.0278,0.198,0.275179,0.2122,0.3408852793,0.8882508984,0.5596541601,0.2115,0.378187,0.2034844905138016,0.060906100000000005,0.227602,0.0157632
351,M,0,0.0266,0.255,0.278302,0.2122,0.3624230782,0.9093208079,0.6329521035,0.213,0.390329,0.2266784980893135,0.061114499999999995,0.21984099999999998,0.0163987
352,L,0,0.0256,0.258,0.26085,0.2041,0.38744533649999996,0.9249825033,0.6542651092,0.214,0.412645,0.22901425510644915,0.0626361,0.20285699999999998,0.0174084
353,G,0,0.0265,0.264,0.32145799999999997,0.2602,0.41704737770000005,0.9425313911,0.6757527712000001,0.2123,0.435587,0.2261340022087097,0.064134,0.223554,0.018747299999999998
354,K,0,0.027,0.27399999999999997,0.422041,0.3399,0.3433838349,0.9659192312,0.6106648743,0.2088,0.45456,0.22600724548101425,0.0655873,0.278055,0.0207297
355,V,0,0.0274,0.295,0.4292,0.3359,0.2953039377,0.8797289648000001,0.5530251297,0.2052,0.479513,0.2049827501177788,0.0668618,0.335378,0.023035
356,G,0,0.0289,0.29100000000000004,0.454136,0.3491,0.2868734864,0.7964370570999999,0.4602901619,0.2018,0.518617,0.2051779925823212,0.0691075,0.368117,0.0261142
357,R,0,0.0298,0.304,0.36309,0.27,0.2754163892,0.7005415837000001,0.37417845829999996,0.1991,0.539442,0.2406709939241409,0.0695409,0.3897,0.0291558
358,D,0,0.0293,0.341,0.37044499999999997,0.2657,0.2601824584,0.6049552525,0.2885189291,0.1963,0.543715,0.24158649891614914,0.07168150000000001,0.388401,0.0316108
359,D,0,0.027,0.354,0.295083,0.2041,0.226014771,0.5110224926,0.2002805525,0.1918,0.543744,0.2311549931764603,0.0736399,0.375258,0.032539099999999994
360,I,0,0.0251,0.368,0.301917,0.2041,0.20540178609999998,0.40015403520000004,0.11466098109999999,0.1845,0.5146470000000001,0.2296829968690872,0.0734652,0.369601,0.031820799999999996
361,T,0,0.0228,0.337,0.30533000000000005,0.1998,0.1611265233,0.2934123728,0.09286750390000001,0.1768,0.503721,0.2317957580089569,0.0757267,0.364322,0.0297433
362,G,0,0.0201,0.322,0.33916799999999997,0.2292,0.1118154275,0.1864377587,0.06332733530000001,0.1713,0.491845,0.2261297479271889,0.07826210000000001,0.343382,0.026965199999999998
363,S,0,0.0171,0.303,0.41194,0.3096,0.0828128695,0.0797905773,0.0357378359,0.1686,0.47910600000000003,0.21975749731063846,0.0770314,0.311811,0.0244203
364,S,0,0.0146,0.254,0.32860300000000003,0.2333,0.0593628888,0.0625085665,0.0013370601999999998,0.1664,0.4384,0.21410875022411344,0.0776997,0.25867199999999996,0.019749700000000002
365,T,0,0.0126,0.223,0.26085,0.1635,0.0471254602,0.0474826074,6.0318e-06,0.164,0.402092,0.20570149272680285,0.07875130000000001,0.187555,0.0164405
366,Y,0,0.0108,0.19,0.24704099999999998,0.138,0.0367502078,0.0324915146,0.0,0.1613,0.361092,0.1659229937940836,0.0800872,0.15424100000000002,0.0121382
367,I,0,0.0101,0.16399999999999998,0.257454,0.1532,0.0254146412,0.0172030003,0.0,0.1583,0.307346,0.168030995875597,0.0790114,0.117522,0.00918666
368,H,0,0.0097,0.158,0.25406,0.1416,0.009454263000000001,0.000108602,0.0,0.1542,0.277947,0.1667110063135624,0.0802329,0.101662,0.00738291
369,V,0,0.0094,0.152,0.24704099999999998,0.1416,0.008164719499999999,7.70051e-05,0.0,0.1495,0.266235,0.17203324288129807,0.0803775,0.08870789999999999,0.00678079
370,H,0,0.0095,0.14300000000000002,0.17308099999999998,0.0858,0.0062409571,7.000000000000001e-10,0.0,0.1439,0.277492,0.15669800341129306,0.0806609,0.08045369999999999,0.006525799999999999
371,D,0,0.0095,0.135,0.25406,0.1322,0.0049331986,7.000000000000001e-10,0.0,0.1392,0.277123,0.1524852542206645,0.0804325,0.07633229999999999,0.00653434
372,G,0,0.0095,0.12300000000000001,0.25406,0.1416,0.0036352372999999996,1.272e-07,0.0,0.1348,0.284209,0.15155300218611956,0.0806835,0.0670809,0.00667811
373,K,0,0.0094,0.11699999999999999,0.179055,0.0909,0.0036744507,0.0011680657,0.0,0.1311,0.295363,0.14876075554639098,0.080117,0.054457900000000004,0.00688259
374,Y,0,0.0092,0.125,0.132295,0.0554,0.0042727683,0.0178660952,0.0,0.1257,0.284967,0.15281150490045547,0.0810044,0.0427995,0.00707018
375,L,0,0.0094,0.121,0.137348,0.0554,0.0050151844,0.0315578915,0.0,0.1198,0.282405,0.14992300514131784,0.0809378,0.041181800000000005,0.0073586
376,L,0,0.0098,0.094,0.085092,0.0308,0.0055676563,0.033639477599999995,0.0,0.1143,0.28278600000000004,0.14732550317421556,0.08178350000000001,0.0509207,0.00771804
377,Q,0,0.0106,0.08,0.074921,0.0252,0.0051395876,0.0336410229,0.0,0.1099,0.267754,0.14699149644002318,0.0824635,0.0703073,0.00803054
378,G,0,0.0112,0.068,0.125101,0.0414,0.005625078100000001,0.0336444546,0.0,0.1057,0.217331,0.14336725696921349,0.0832183,0.08579060000000001,0.00815168
379,G,0,0.0112,0.057999999999999996,0.073402,0.02,0.0065957241,0.033704369,0.0,0.1012,0.19029100000000002,0.14647049782797694,0.08388739999999999,0.0837474,0.007937
380,L,0,0.0108,0.049,0.10480999999999999,0.0304,0.0069301601,0.0341082068,0.0,0.0967,0.152363,0.1547152530401945,0.0844326,0.064175,0.00742868
381,D,0,0.0103,0.042,0.100716,0.0304,0.0089195744,0.0403153433,0.0001468624,0.0919,0.113774,0.17066049948334694,0.0853849,0.042386099999999996,0.00680559
382,R,0,0.0096,0.038,0.10699700000000001,0.0304,0.0110403224,0.039722327,0.0001468624,0.0873,0.09308999999999999,0.17183025181293488,0.0850479,0.029037599999999997,0.00640303
383,Y,0,0.0088,0.040999999999999995,0.10480999999999999,0.0304,0.0242379834,0.024195291299999998,0.0001468624,0.0835,0.087077,0.1776369996368885,0.0863249,0.022286700000000003,0.00607914
384,V,0,0.0084,0.043,0.086953,0.0212,0.033278808300000004,0.0111499268,0.0001468624,0.0812,0.081088,0.2013964988291264,0.08706110000000002,0.0192524,0.00593068
385,R,0,0.0085,0.045,0.090864,0.0179,0.0331588518,0.0090683407,0.0001468624,0.0793,0.08343400000000001,0.17004499398171902,0.0873895,0.0187399,0.00592366
386,I,0,0.0086,0.05,0.096677,0.0194,0.0321920961,0.009066795400000001,0.0001468624,0.0778,0.094293,0.1712064929306507,0.0886456,0.0194983,0.00601008
387,F,0,0.0091,0.051,0.14493499999999998,0.035,0.0325428111,0.0090633637,0.0001468624,0.0764,0.101449,0.1926727518439293,0.08963869999999999,0.0216471,0.00619452
388,D,0,0.0099,0.053,0.096677,0.0182,0.0318812673,0.0090034493,0.0001468624,0.0753,0.118645,0.18265450745821,0.0918427,0.0257909,0.006497800000000001
389,I,0,0.0107,0.061,0.060549,0.0097,0.031695979900000004,0.0085996115,0.0001468624,0.0741,0.139874,0.17724650353193286,0.0938691,0.0305735,0.00691501
390,K,0,0.0114,0.057999999999999996,0.040537000000000004,0.0066,0.0338014201,0.019199781200000002,0.0,0.0737,0.156477,0.17197400704026222,0.09854860000000001,0.040615899999999996,0.00736507
391,T,0,0.0118,0.062,0.06463200000000001,0.0109,0.036410524300000004,0.0442682292,0.1111110463,0.0742,0.155606,0.16689474880695346,0.100759,0.05079430000000001,0.00780834
392,N,0,0.0117,0.063,0.06184,0.0109,0.0222695461,0.0564354623,0.22222194260000003,0.075,0.159396,0.16670575365424156,0.101909,0.05173730000000001,0.00817337
393,K,0,0.0112,0.068,0.06184,0.0109,0.012202193600000001,0.0605907812,0.3333325943,0.0766,0.16381800000000002,0.17337624728679654,0.103197,0.044463499999999996,0.00853603
394,M,0,0.0102,0.069,0.060549,0.0099,0.01155224,0.0800605027,0.4441410706,0.0797,0.156033,0.16404924914240834,0.103942,0.032879000000000005,0.00885419
395,L,0,0.0097,0.063,0.096677,0.0179,0.0113010849,0.09354703210000001,0.5483274214,0.0844,0.15091,0.15754875168204308,0.107017,0.0275606,0.00925148
396,V,0,0.0094,0.054000000000000006,0.049374,0.0084,0.010598913,0.106304726,0.6556020335,0.0909,0.15018800000000002,0.17005224525928495,0.110543,0.0258914,0.00971225
397,K,0,0.0097,0.055999999999999994,0.049374,0.0094,0.0103437318,0.1209837229,0.6694469456000001,0.0992,0.139559,0.17271750420331955,0.113396,0.0267245,0.010178200000000002
398,V,0,0.0101,0.057999999999999996,0.06463200000000001,0.0131,0.010133947800000001,0.1729554328,0.6694469456000001,0.1076,0.11741099999999999,0.19593000039458275,0.117933,0.0290822,0.010789299999999998
399,Y,0,0.0109,0.065,0.050641000000000005,0.0109,0.0060267657,0.1973335095,0.6694469456000001,0.1147,0.101569,0.199776753783226,0.122582,0.034142900000000004,0.011470999999999999
400,V,0,0.0125,0.077,0.05306,0.0131,0.0059954479,0.22048691899999998,0.5583358993,0.1202,0.086768,0.1898672506213188,0.12734700000000002,0.0432914,0.0123159
401,G,0,0.0143,0.105,0.055536,0.0137,0.0089945841,0.22440590649999997,0.4472250031,0.1261,0.076409,0.17142974957823753,0.132522,0.0519543,0.013124799999999999
402,S,0,0.0156,0.133,0.055536,0.0144,0.029273246200000002,0.2342128032,0.3366572944,0.132,0.071421,0.20302850008010864,0.139014,0.053727699999999996,0.014019799999999997
403,R,0,0.0167,0.146,0.034068,0.0087,0.0548555835,0.21700806399999997,0.2258488181,0.1384,0.072014,0.23732849955558774,0.145148,0.0504577,0.014862700000000001
404,I,0,0.0175,0.153,0.037156,0.009000000000000001,0.0883410042,0.20982116050000002,0.12166246730000001,0.1472,0.06596,0.19025399163365364,0.15002200000000002,0.0424905,0.015708
405,N,0,0.0184,0.155,0.026892000000000003,0.0079,0.1185993561,0.20063518940000002,0.0143878552,0.1595,0.06765499999999999,0.21688775718212128,0.16213699999999998,0.0377296,0.016658000000000003
406,F,0,0.0186,0.165,0.045351999999999996,0.0157,0.17021339079999998,0.2052589722,0.1116540541,0.175,0.07047,0.1790042482316494,0.168192,0.034356599999999994,0.017981599999999997
407,I,0,0.0203,0.155,0.054297000000000005,0.0231,0.2357178118,0.1702402807,0.2225289634,0.192,0.073546,0.1595639931038022,0.176083,0.033699400000000004,0.0197303
408,V,0,0.0229,0.16,0.067594,0.0286,0.3039456565,0.20991804320000002,0.3336400745,0.2099,0.080842,0.15822175238281488,0.190905,0.035097199999999995,0.0218127
409,M,0,0.027,0.17300000000000001,0.060549,0.0286,0.3627871381,0.2576359765,0.44475118560000004,0.2265,0.099317,0.15731874480843544,0.207722,0.037099599999999996,0.0245982
410,L,0,0.0348,0.17,0.096677,0.0502,0.4372571113,0.341779589,0.5558622967,0.2409,0.123893,0.1597605049610138,0.223349,0.0394808,0.0285182
411,D,0,0.0462,0.158,0.16108699999999998,0.0991,0.49951435969999997,0.42903304840000006,0.6664304648,0.2557,0.154075,0.1558747449889779,0.2576,0.0396089,0.034076300000000004
412,D,0,0.0618,0.162,0.16108699999999998,0.1018,0.5566118706000001,0.5334663139,0.7775415759000001,0.2728,0.199005,0.1532280007377267,0.27970100000000003,0.0448568,0.040725300000000006
413,V,0,0.0807,0.175,0.139895,0.0832,0.6034241666,0.6338832616,0.888652687,0.2935,0.261246,0.1583130033686757,0.29682600000000003,0.046291399999999996,0.048761900000000004
414,E,0,0.1042,0.196,0.134866,0.0789,0.6597303929999999,0.7369835596,0.9997637981,0.3155,0.322652,0.17030200362205505,0.32157199999999997,0.049155000000000004,0.057426
415,I,0,0.1315,0.21899999999999997,0.17593,0.1205,0.6765548162,0.823731462,0.9826158537999999,0.3387,0.376907,0.22535525262355804,0.346027,0.050640199999999996,0.0671636
416,E,0,0.1696,0.231,0.142424,0.1041,0.6800460741,0.912886868,0.9725169181000001,0.3616,0.441871,0.3381262570619583,0.378919,0.0631859,0.07916010000000001
417,M,0,0.2231,0.272,0.229226,0.1667,0.654503187,0.9254136713,0.9725169181000001,0.3843,0.469024,0.3508017510175705,0.396294,0.08222869999999999,0.09603210000000001
418,P,0,0.2946,0.28600000000000003,0.30533000000000005,0.2483,0.6875083887000001,0.9225298248999999,0.9725169181000001,0.4065,0.49405,0.3647399991750717,0.439054,0.11730399999999999,0.124607
419,L,0,0.3812,0.325,0.36309,0.3053,0.7069566975,0.9241245624,0.9725169181000001,0.4282,0.528439,0.3852365016937256,0.46111899999999995,0.145307,0.15439
420,S,0,0.4612,0.309,0.408655,0.3456,0.7213382051999999,0.9245909486,0.9725169181000001,0.4503,0.556443,0.3853497505187988,0.49423,0.168191,0.194454
421,P,0,0.5307,0.322,0.48306800000000005,0.4116,0.7487474590000001,0.9290037998999999,0.9725169181000001,0.4724,0.5944470000000001,0.3945107460021973,0.516455,0.19476,0.21551900000000002
422,S,0,0.5941,0.364,0.486429,0.3992,0.7687568925,0.9333983326999999,0.9725169181000001,0.495,0.6471,0.3947867453098297,0.539209,0.23120100000000002,0.24385
423,A,0,0.6367,0.408,0.480142,0.3847,0.7921236587999999,0.9378374215,0.9725169181000001,0.5177,0.6892050000000001,0.3992492407560349,0.555578,0.293,0.27475900000000003
424,K,0,0.6641,0.44299999999999995,0.480142,0.4078,0.8197070958,0.9428978501,0.9896648625,0.5408,0.7312109999999999,0.3975927531719208,0.575379,0.313341,0.297173
425,A,0,0.6801,0.45299999999999996,0.468512,0.4037,0.8323942693,0.9479005364,1.0,0.5636,0.758897,0.4033777415752411,0.588283,0.332942,0.32668400000000003
426,A,0,0.687,0.451,0.575842,0.4825,0.8966221676,0.9656215719,1.0,0.5862,0.752667,0.4062207490205765,0.605791,0.349102,0.33364499999999997
427,K,0,0.6838,0.382,0.472492,0.4333,0.9058062914,0.9831018152,1.0,0.6074,0.756046,0.4055222421884537,0.6175510000000001,0.34666399999999997,0.351118
428,G,0,0.6736,0.345,0.517562,0.4556,0.9171791921,0.9891787223,0.9998561245,0.6271,0.7641020000000001,0.4049410074949265,0.624418,0.34653,0.368109
429,K,0,0.6497,0.295,0.490133,0.4245,0.9159826728,0.9901633805,0.9998369449,0.6459,0.751762,0.40091125667095184,0.625092,0.369211,0.383777
430,Q,0,0.62,0.271,0.5854060000000001,0.5043,0.8989397553,0.9827890595000001,0.9821053587,0.6656,0.739039,0.4010152518749237,0.631979,0.394834,0.38306599999999996
431,K,0,0.5917,0.257,0.549308,0.4825,0.8755214621999999,0.8717609846,0.9063743885,0.6862,0.748031,0.40184149146080017,0.632071,0.40619099999999997,0.375996
432,R,0,0.5632,0.273,0.51388,0.4513,0.8422247316,0.8626393749,0.7952632773999999,0.7066,0.7596,0.4001392424106598,0.631717,0.397594,0.380848
433,K,0,0.5308,0.281,0.5253680000000001,0.4458,0.8531438570000001,0.8442998426,0.6841521663,0.7264,0.7729010000000001,0.3987477421760559,0.6334960000000001,0.374458,0.35882
434,V,1,0.5063,0.28300000000000003,0.472492,0.4282,0.8424485956000001,0.8384654145999999,0.6452844857,0.7445,0.786614,0.39730450510978704,0.637205,0.345956,0.358617
435,T,1,0.4887,0.266,0.38404299999999997,0.3992,0.7720965137000001,0.8314533390000001,0.6451651647,0.7596,0.800936,0.3981005102396011,0.645917,0.315006,0.35496300000000003
436,E,1,0.4732,0.243,0.42561000000000004,0.4282,0.7121355731,0.8215424856,0.6451651647,0.7708,0.806346,0.39284901320934296,0.6475069999999999,0.294118,0.353951
437,L,1,0.4586,0.255,0.454136,0.4458,0.6409840884,0.8177093538,0.6044247440999999,0.7791,0.82057,0.3998807519674301,0.6527689999999999,0.284873,0.340924
438,E,1,0.4508,0.225,0.377384,0.4078,0.585742205,0.8189609932999999,0.5679294454,0.7856,0.832025,0.4055429995059967,0.657417,0.288721,0.316899
439,E,1,0.4452,0.228,0.390993,0.3939,0.5025781398,0.8026730858,0.474549939,0.7914,0.838184,0.38927699625492096,0.6627109999999999,0.291403,0.300952
440,D,1,0.4341,0.231,0.390993,0.4037,0.4608952132,0.8864894016,0.43918765740000004,0.7989,0.845894,0.3652382493019104,0.6620550000000001,0.298825,0.288489
441,A,1,0.4183,0.25,0.377384,0.3885,0.4321368518,0.8765683379000001,0.43918765740000004,0.8085,0.8606950000000001,0.37032124400138855,0.660953,0.291589,0.272538
442,D,1,0.4024,0.293,0.318242,0.3578,0.3395286311,0.8743188537000001,0.43918765740000004,0.8177,0.869809,0.3673825114965439,0.6555310000000001,0.292929,0.262824
443,E,1,0.3876,0.325,0.284882,0.3578,0.2830076141,0.7779005188,0.40854719429999997,0.8244,0.8733040000000001,0.3574132472276688,0.653155,0.27717800000000004,0.249059
444,L,1,0.3768,0.392,0.26085,0.3535,0.2693094971,0.7030180648000001,0.3253401659,0.8277,0.883067,0.35500775277614594,0.652429,0.253848,0.246527
445,W,1,0.3848,0.436,0.32145799999999997,0.4037,0.23008903379999998,0.6035059587,0.29837095059999996,0.8298,0.879943,0.3565037548542023,0.648197,0.23288000000000003,0.23436500000000002
446,N,1,0.4056,0.466,0.318242,0.3992,0.2270779152,0.4988232703,0.3147881361,0.8312,0.891727,0.3589342534542084,0.6502020000000001,0.230769,0.24744699999999997
447,K,1,0.4365,0.52,0.28171199999999996,0.3762,0.2254134259,0.3945116228,0.24588984379999998,0.8337,0.8921290000000001,0.36408500373363495,0.650429,0.228515,0.25212199999999996
448,L,1,0.4761,0.588,0.359901,0.4203,0.2842608229,0.3073807248,0.3138456329,0.8364,0.8994719999999999,0.3751960098743439,0.6480520000000001,0.245682,0.263368
449,E,1,0.5231,0.579,0.349426,0.4078,0.3220879395,0.2245100209,0.4034575092,0.8396,0.902716,0.3723955005407333,0.643037,0.276591,0.278571
450,G,1,0.5791,0.638,0.342579,0.3939,0.371918999,0.0,0.0,0.8424,0.9101309999999999,0.3862759917974472,0.6515850000000001,0.29691599999999996,0.31264699999999995
451,K,1,0.6247,0.667,0.33916799999999997,0.3885,0.4487361588,0.0,0.0,0.8445,0.913106,0.3958529978990555,0.644584,0.317015,0.355602
452,V,1,0.6742,0.7120000000000001,0.37044499999999997,0.3992,0.531361495,0.0,0.0,0.8461,0.914797,0.3969477415084839,0.647528,0.329588,0.392499
453,A,1,0.719,0.726,0.28171199999999996,0.3456,0.6056297651,0.0,0.0,0.8472,0.916372,0.3962802588939667,0.6502479999999999,0.346375,0.43181
454,A,1,0.757,0.919,0.25031,0.3939,0.6896427456,0.0,0.0,0.848,0.918472,0.3978540003299713,0.647555,0.40689699999999995,0.46786000000000005
455,S,1,0.7871,0.935,0.30533000000000005,0.4781,0.7481290166,0.0,0.0,0.8478,0.918766,0.3940667510032654,0.64591,0.469184,0.5116930000000001
456,K,1,0.8081,0.955,0.387226,0.5583,0.8040555395000001,0.0,0.0,0.8467,0.91906,0.3934829980134964,0.646415,0.5402279999999999,0.531514
457,A,1,0.8249,0.956,0.349426,0.5941,0.8218436756999999,0.0,0.0,0.8444,0.9186270000000001,0.39161324501037603,0.644159,0.593635,0.567282
458,S,1,0.8377,0.95,0.324872,0.6374,0.8326890588,0.0,0.0,0.8415,0.9174459999999999,0.38881298899650574,0.639493,0.629875,0.615915
459,K,1,0.8513,0.92,0.408655,0.7192,0.8215163857,0.0,0.0,0.8379,0.9173629999999999,0.378967747092247,0.6388550000000001,0.6773640000000001,0.629292
460,K,1,0.8616,0.9520000000000001,0.37044499999999997,0.7644,0.852764948,0.0,0.0,0.8342,0.9183379999999999,0.3780312538146973,0.634026,0.731101,0.68183
461,S,1,0.8669,0.943,0.349426,0.8036,0.7796410251000001,0.0,0.0,0.8304,0.9183969999999999,0.3790460079908371,0.615707,0.808113,0.708004
462,K,1,0.8644,0.953,0.318242,0.8424,0.7570299690000001,0.0,0.0,0.8265,0.920425,0.3737145066261292,0.582829,0.794934,0.656786
463,I,1,0.8599,0.9440000000000001,0.398279,0.904,0.7808548278,0.0,0.0,0.8243,0.919798,0.36858224868774414,0.5683159999999999,0.765777,0.604039
